BestSol = Solution: cost=[-430.0], size=[28], elements=[0, 3, 6, 8, 11, 14, 16, 18, 20, 23, 25, 28, 31, 34, 37, 41, 44, 47, 50, 53, 55, 59, 61, 64, 68, 72, 74, 77]
BestSol = Solution: cost=[-431.0], size=[31], elements=[2, 5, 8, 11, 13, 16, 18, 23, 25, 27, 29, 31, 35, 37, 39, 42, 44, 48, 50, 55, 57, 59, 61, 64, 66, 69, 71, 73, 75, 77, 79]
BestSol = Solution: cost=[-443.0], size=[32], elements=[2, 5, 8, 11, 13, 16, 18, 23, 25, 27, 29, 31, 35, 37, 39, 42, 44, 48, 50, 52, 55, 57, 59, 61, 64, 66, 69, 71, 73, 75, 77, 79]
BestSol = Solution: cost=[-449.0], size=[32], elements=[2, 5, 8, 11, 13, 16, 18, 23, 25, 27, 29, 31, 35, 37, 39, 42, 44, 46, 48, 50, 52, 55, 57, 59, 61, 64, 67, 69, 73, 75, 77, 79]
BestSol = Solution: cost=[-458.0], size=[33], elements=[2, 5, 8, 11, 13, 16, 18, 23, 25, 27, 29, 31, 35, 37, 39, 42, 44, 46, 48, 50, 52, 55, 57, 59, 61, 64, 67, 69, 71, 73, 75, 77, 79]
BestSol = Solution: cost=[-459.0], size=[30], elements=[1, 3, 5, 7, 9, 13, 18, 20, 24, 29, 31, 34, 37, 40, 42, 44, 47, 49, 51, 54, 58, 60, 62, 64, 67, 69, 71, 73, 76, 78]
BestSol = Solution: cost=[-464.0], size=[31], elements=[1, 3, 5, 7, 9, 13, 18, 20, 22, 24, 29, 31, 34, 37, 40, 42, 44, 47, 49, 51, 54, 58, 60, 62, 64, 67, 69, 71, 73, 76, 78]
BestSol = Solution: cost=[-472.0], size=[32], elements=[1, 3, 5, 7, 9, 13, 16, 18, 20, 22, 24, 29, 31, 34, 37, 40, 42, 44, 47, 49, 51, 54, 58, 60, 62, 64, 67, 69, 71, 73, 76, 78]
BestSol = Solution: cost=[-475.0], size=[30], elements=[1, 3, 5, 7, 9, 13, 16, 18, 20, 22, 24, 29, 31, 34, 37, 40, 42, 44, 49, 51, 54, 60, 62, 64, 67, 69, 71, 73, 76, 78]
BestSol = Solution: cost=[-487.0], size=[31], elements=[1, 3, 5, 7, 9, 13, 16, 18, 20, 22, 24, 29, 31, 34, 37, 40, 42, 44, 49, 51, 54, 58, 60, 62, 64, 67, 69, 71, 73, 76, 78]
BestSol = Solution: cost=[-533.0], size=[31], elements=[1, 3, 7, 9, 13, 16, 18, 20, 22, 24, 29, 31, 34, 37, 40, 42, 44, 46, 49, 51, 54, 58, 60, 62, 64, 66, 69, 71, 73, 76, 78]
BestSol = Solution: cost=[-537.0], size=[29], elements=[2, 5, 9, 12, 14, 18, 24, 27, 29, 31, 34, 37, 39, 43, 46, 48, 50, 52, 55, 58, 60, 62, 64, 67, 69, 71, 73, 76, 79]
BestSol = Solution: cost=[-548.0], size=[29], elements=[2, 4, 8, 10, 13, 16, 18, 22, 24, 27, 31, 34, 37, 40, 42, 44, 47, 49, 51, 54, 58, 60, 62, 64, 67, 69, 71, 73, 76]
BestSol = Solution: cost=[-551.0], size=[29], elements=[2, 4, 8, 10, 13, 16, 18, 22, 24, 31, 34, 37, 40, 42, 44, 47, 49, 51, 54, 58, 60, 62, 64, 67, 69, 71, 73, 76, 78]
BestSol = Solution: cost=[-552.0], size=[29], elements=[1, 3, 5, 8, 11, 13, 15, 18, 20, 23, 25, 31, 35, 37, 42, 44, 47, 49, 51, 54, 57, 59, 61, 63, 65, 68, 72, 74, 78]
BestSol = Solution: cost=[-567.0], size=[28], elements=[1, 3, 5, 8, 11, 13, 15, 18, 23, 25, 31, 35, 37, 42, 44, 47, 49, 51, 54, 57, 59, 61, 63, 65, 68, 72, 74, 78]
BestSol = Solution: cost=[-588.0], size=[29], elements=[1, 3, 7, 9, 13, 16, 18, 22, 24, 31, 34, 37, 40, 42, 44, 46, 49, 51, 54, 58, 60, 62, 64, 66, 69, 71, 73, 76, 78]
maxVal = Solution: cost=[-588.0], size=[29], elements=[1, 3, 7, 9, 13, 16, 18, 22, 24, 31, 34, 37, 40, 42, 44, 46, 49, 51, 54, 58, 60, 62, 64, 66, 69, 71, 73, 76, 78]
Time = 1800.031 seg
