BestSol = Solution: cost=[-312.0], size=[22], elements=[0, 3, 9, 11, 14, 17, 21, 24, 26, 28, 30, 34, 38, 40, 42, 44, 46, 49, 51, 53, 56, 59]
BestSol = Solution: cost=[-315.0], size=[20], elements=[2, 4, 7, 14, 16, 18, 20, 22, 24, 27, 29, 32, 35, 41, 44, 47, 49, 51, 53, 56]
BestSol = Solution: cost=[-323.0], size=[22], elements=[0, 2, 4, 7, 14, 16, 18, 20, 22, 24, 27, 29, 32, 35, 38, 41, 44, 47, 49, 51, 53, 56]
BestSol = Solution: cost=[-328.0], size=[23], elements=[0, 2, 4, 7, 12, 14, 16, 18, 20, 22, 24, 27, 29, 32, 35, 38, 41, 44, 47, 49, 51, 53, 56]
BestSol = Solution: cost=[-332.0], size=[22], elements=[2, 4, 7, 12, 14, 17, 20, 22, 24, 26, 31, 35, 38, 40, 42, 44, 47, 49, 51, 53, 56, 59]
BestSol = Solution: cost=[-381.0], size=[23], elements=[2, 4, 7, 12, 14, 17, 20, 22, 24, 26, 29, 31, 35, 38, 40, 42, 44, 47, 49, 51, 53, 56, 59]
BestSol = Solution: cost=[-388.0], size=[24], elements=[1, 4, 7, 9, 12, 14, 17, 19, 23, 26, 28, 30, 32, 35, 38, 40, 42, 44, 47, 49, 51, 53, 56, 59]
BestSol = Solution: cost=[-392.0], size=[23], elements=[1, 4, 7, 9, 14, 17, 19, 23, 26, 28, 30, 32, 35, 38, 40, 42, 44, 47, 49, 51, 53, 56, 59]
BestSol = Solution: cost=[-396.0], size=[22], elements=[2, 4, 7, 14, 17, 20, 22, 24, 26, 29, 31, 35, 38, 40, 42, 44, 47, 49, 51, 53, 56, 59]
maxVal = Solution: cost=[-396.0], size=[22], elements=[2, 4, 7, 14, 17, 20, 22, 24, 26, 29, 31, 35, 38, 40, 42, 44, 47, 49, 51, 53, 56, 59]
Time = 1800.037 seg
